int1 = +99
int2 = 42
int3 = 0
int4 = -17
int5 = 1_000
int6 = 5_349_221
int7 = 1_2_3_4_5     # VALID but discouraged

# fractional
flt1 = +1.0
flt2 = 3.1415
flt3 = -0.01

# exponent
flt4 = 5e+22
flt5 = 1e6
flt6 = -2E-2

# both
flt7 = 6.626e-34
flt8 = 9_224_617.445_991_228_313

odt1 = 1979-05-27T07:32:00Z
odt2 = 1979-05-27T00:32:00-07:00
odt3 = 1979-05-27T00:32:00.999999-07:00

ldt1 = 1979-05-27T07:32:00
ldt2 = 1979-05-27T00:32:00.999999

ld1 = 1979-05-27

lt1 = 07:32:00
lt2 = 00:32:00.999999

[[products]]
name = "Hammer"
sku = 738594937

[[products]]

[[products]]
name = "Nail"
name = "ok"
sku = 284758393
color = "gray"
